C1: 3.763414
C2: 3.746506
C3: 3.767858
C4: 3.804155
C5: 3.741326
